200 199 200
0 1 357221804
0 2 709263657
2 3 847679508
3 4 131885814
2 5 402038638
5 6 486095755
3 7 822974960
3 8 785330174
5 9 531652843
3 10 173879971
0 11 210273785
11 12 500190281
2 13 116892166
6 14 242237229
9 15 773581590
6 16 93516237
10 17 162723503
9 18 216318905
17 19 761428874
0 20 639445996
9 21 799981408
4 22 298583880
4 23 442496759
14 24 601184961
19 25 335259365
24 26 810814263
9 27 767307957
8 28 368025381
4 29 76815444
11 30 515649608
3 31 260360120
20 32 754041663
8 33 561750130
28 34 749683344
19 35 631258945
6 36 489372990
16 37 192973485
36 38 565109928
20 39 899079007
25 40 447489599
21 41 13561142
10 42 111389842
0 43 805255233
7 44 787697661
36 45 889544927
10 46 11757508
28 47 339055234
36 48 224959122
26 49 667019045
39 50 319452136
36 51 394492225
42 52 156726840
33 53 509031057
40 54 163457859
32 55 321195175
30 56 776144238
30 57 45317686
18 58 578908920
19 59 975487068
10 60 122741443
7 61 178929965
56 62 904367039
17 63 57819979
0 64 748767788
47 65 645090898
41 66 978671
53 67 169063976
8 68 908156068
64 69 861575085
10 70 42270294
14 71 175946534
63 72 699986349
48 73 284002808
45 74 662190199
13 75 50487737
71 76 739390436
56 77 602441304
23 78 378260948
14 79 633926893
24 80 875157292
52 81 192051189
81 82 833559381
27 83 44434916
60 84 64779208
31 85 223992912
79 86 900946658
45 87 829535218
79 88 12552228
80 89 198171659
0 90 869522610
43 91 652445480
50 92 27560641
72 93 508424871
66 94 378008792
71 95 111503153
12 96 721428144
24 97 497367971
67 98 657432298
72 99 28176198
99 100 576817445
94 101 927363508
50 102 395613560
7 103 994509952
100 104 866383367
64 105 894310398
73 106 431535042
10 107 739419307
4 108 748070252
62 109 548034691
82 110 243065770
56 111 209915309
87 112 514872497
69 113 120667997
87 114 730360760
22 115 943752531
111 116 76795176
106 117 145753692
26 118 651641453
23 119 228437766
1 120 605050957
110 121 218372988
100 122 541238125
96 123 19196150
67 124 537721183
57 125 389125163
104 126 725911644
92 127 29136507
91 128 653722696
43 129 50495669
129 130 878824753
36 131 339529904
48 132 453107715
111 133 286157822
26 134 883961125
18 135 948804079
112 136 1918823
60 137 331675883
125 138 247100186
122 139 228997367
86 140 81618645
127 141 105032448
20 142 401556721
123 143 648980693
98 144 244127423
100 145 272019275
57 146 441243224
133 147 552150640
130 148 788168595
90 149 568068894
111 150 27273292
137 151 983031165
86 152 559863496
14 153 888343054
119 154 837456841
125 155 714823586
150 156 530013278
105 157 911227331
72 158 387569459
2 159 853863594
130 160 289974580
11 161 15250968
110 162 139636754
147 163 561926805
31 164 93285932
124 165 329998860
57 166 662359898
106 167 469443658
104 168 216999324
12 169 459116864
112 170 648543909
19 171 941783123
10 172 261399077
2 173 590944619
165 174 670496941
4 175 517303897
124 176 389174083
97 177 270980209
176 178 447170116
102 179 71892828
69 180 624175092
98 181 808610763
146 182 231211889
147 183 483300928
36 184 42396739
176 185 76218491
70 186 214580535
79 187 442824746
128 188 947009102
35 189 578405286
100 190 183370829
19 191 394526667
101 192 494584948
5 193 1920074
61 194 188245610
136 195 902042437
157 196 705379429
155 197 266026271
179 198 333445249
78 199 595843564
5 445734280
5 131418985
1
2
2
2
1
1
2
5 917805277
1
5 805309073
5 556475742
1
5 242538012
5 424593553
5 457025053
5 729520817
5 647802971
5 254710800
5 426947279
5 505405781
5 192102002
1
5 14822354
5 976020539
5 780997599
5 515776298
1
5 428345004
5 345359336
5 698710311
1
5 933629945
1
5 991976708
5 424122679
5 45089941
1
1
5 711131984
5 858452226
5 305074241
5 308961305
5 133624892
1
5 460510246
5 565176372
1
5 538857287
5 928286563
5 609867673
1
5 664203196
5 188311177
5 877385383
5 184641971
5 788122139
5 956598635
5 258689148
1
1
5 764090605
5 191400042
5 495279132
5 414925338
5 17470014
1
5 17705032
1
5 775330665
1
5 408905873
5 384168725
5 61985533
1
5 536072434
1
5 993064313
5 497988436
5 547844640
5 742813324
5 95555788
5 405520996
1
5 815198954
1
2
5 539069193
5 917098608
5 711261616
2
5 385541306
5 101533373
5 244251502
1
5 498008213
5 268526932
5 281037760
5 809722729
2
5 831789328
5 856864411
2
2
5 936355380
5 808305309
1
1
2
5 23161349
5 844032124
5 854966869
5 885314305
2
5 21981870
2
5 993063557
1
5 822141770
5 869882273
5 728085782
2
1
5 241253994
2
5 215144024
5 906217088
5 741817408
5 460530649
1
5 977627794
5 917420561
5 168071022
5 812970679
5 793050165
2
5 259578198
5 727783888
5 797457562
5 19950482
5 584873936
1
5 207910996
2
2
5 846456113
5 57728847
2
2
5 354311561
2
5 887525371
5 750159233
1
2
5 346168780
5 834837927
5 609929822
2
5 552456758
1
5 821799141
5 588133580
5 936805205
2
1
2
5 179174604
5 456062175
5 828706858
5 192263586
5 269755979
2
5 446931989
5 831593668
2
5 572519904
5 5188324
5 678219612
5 64003753
5 543170934
5 258362996
5 896299776
1
5 886607678
5 450475827
5 839301146
1
5 868563289
2
2
5 78231117
5 201545017
5 336507908
1
5 813779493
5 1711537
1
5 158180327